Trial: [10,                  100,                  1000,                  10000,                 100000]
Mean:  [0.10007182188173329, 0.1000718218817333,   0.1000718218817333,    0.1000718218817333,    0.1000718218817333]
SD:    [0.09501581644912227, 0.030040187166011333, 0.0095379294409962002, 0.0030308008438698674, 0.00093633189272295089]